-374390444
543904618
adf
-1072750685
-177049012
2046898284
-980500014
-85361112
a
1772217571
-2062621474
1749806169
1547264466
adf
-706808620
882472235
1428234639
398171318
37023818
-842176714
1872139646
1135571428
-1007872645
-392602106
-889948641
adf
-408059190
-125206975
1083924425
-807316721
70627033
-1756712727
-2037516261
55757954
1699268968
-599987637
1206827656
adf
191217015
-397588007
436696346
-433329841
-1504553683
-3384839
-1467374979
-1220590488
-234630187
-1870207316
-2097793058
326649032
-1759322488
-1992780087
1641506305
395855843
1406967419
-1151808446
-1317888681
-746098830
-1600118928
-846720120
-2069572717
353450358
246325615
-1839553235
885329533
-679209860
-722284107
1981210058
2040809479
-50367455
1046355693
235458594
1990131613
2029005272
1162517661
2054837639
606473409
-1527577110
1012083170
1131495548
afd
359237334
-2041445186
-1912942752
-2041866853
1764349499
1120963674
613910643
-1184108871
-1738521957
-1681949143
847506345
1772514375
1051824770
-1231412994
adf
-891394444
893442299
749899828
-1090967720
-330039269
-530652242
1815054266
-2034674201
1692391410
-925002873
136647228
